20200815_HDR2-2/zeroC/dark/HDR2-2-0C-dark-3.csv 
37.7333 0.535051
37.8333 0.538872
37.9333 0.548857
38.0333 0.562975
38.1333 0.588343
38.2333 0.632891
38.3333 0.678569
38.4333 0.739472
38.5333 0.811882
38.6333 0.888201
38.7333 0.973927
38.8333 1.08349
38.9333 1.19889
39.0333 1.29359
39.1333 1.42991
39.2333 1.58802
39.3333 1.73147
39.4333 1.90412
39.5333 2.04626
39.6333 2.24507
39.7333 2.4387
39.8333 2.60879
39.9333 2.83081
40.0333 3.05878
40.1333 3.33351
40.2333 3.51516
40.3333 3.825
40.4333 4.09463
40.5333 4.39883
40.6333 4.71506
40.7333 5.13167
40.8333 5.34946
40.9333 5.67451
41.0333 5.98143
41.1333 6.47809
41.2333 6.95469
41.3333 7.2735
41.4333 7.73348
41.5333 8.2301
41.6333 8.59788
41.7333 9.18335
41.8333 9.64327
41.9333 10.2143
42.0333 10.6939
42.1333 11.2635
42.2333 11.8507
42.3333 12.4294
42.4333 13.0018
42.5333 13.6711
42.6333 14.3542
42.7333 15.1342
42.8333 15.7543
42.9333 16.7713
