20200815_HDR2-2/zeroC/dark/HDR2-2-0C-dark-2.csv 
37.7371 0.549287
37.8371 0.553895
37.9371 0.564842
38.0371 0.580057
38.1371 0.604304
38.2371 0.645236
38.3371 0.694511
38.4371 0.751653
38.5371 0.83385
38.6371 0.91168
38.7371 0.998814
38.8371 1.10854
38.9371 1.21236
39.0371 1.3414
39.1371 1.45416
39.2371 1.59462
39.3371 1.76612
39.4371 1.90543
39.5371 2.10964
39.6371 2.26341
39.7371 2.4767
39.8371 2.67237
39.9371 2.90849
40.0371 3.14515
40.1371 3.38764
40.2371 3.65017
40.3371 3.92353
40.4371 4.17993
40.5371 4.49736
40.6371 4.81139
40.7371 5.16461
40.8371 5.47273
40.9371 5.81554
41.0371 6.23879
41.1371 6.5563
41.2371 6.92366
41.3371 7.44807
41.4371 7.99549
41.5371 8.24447
41.6371 8.71418
41.7371 9.32334
41.8371 9.80051
41.9371 10.2553
42.0371 10.817
42.1371 11.4408
42.2371 12.0805
42.3371 12.563
42.4371 13.067
42.5371 13.909
42.6371 14.615
42.7371 15.3676
42.8371 16.1317
42.9371 17.0418
