20200815_HDR2-2/zeroC/dark/HDR2-2-0C-dark-1.csv 
37.7702 0.568835
37.8702 0.574401
37.9702 0.585594
38.0702 0.603302
38.1702 0.63231
38.2702 0.676541
38.3702 0.726216
38.4702 0.796729
38.5702 0.875562
38.6702 0.953076
38.7702 1.05542
38.8702 1.14361
38.9702 1.27535
39.0702 1.40962
39.1702 1.55547
39.2702 1.71156
39.3702 1.85291
39.4702 2.00219
39.5702 2.19471
39.6702 2.39032
39.7702 2.59362
39.8702 2.80014
39.9702 3.03439
40.0702 3.29663
40.1702 3.56518
40.2702 3.82129
40.3702 4.09481
40.4702 4.3913
40.5702 4.68713
40.6702 5.08455
40.7702 5.37411
40.8702 5.71977
40.9702 6.1541
41.0702 6.51098
41.1702 6.92948
41.2702 7.4346
41.3702 7.71726
41.4702 8.13387
41.5702 8.78269
41.6702 9.12938
41.7702 9.71852
41.8702 10.2573
41.9702 10.8275
42.0702 11.396
42.1702 11.9809
42.2702 12.5232
42.3702 13.3518
42.4702 13.8903
42.5702 14.614
42.6702 15.3384
42.7702 16.152
42.8702 16.9924
42.9702 17.6964
