20200815_HDR2-2/n10C/dark/HDR2-2-n10C-dark-2.csv 
37.3945 0.233309
37.4945 0.233325
37.5945 0.243091
37.6945 0.248371
37.7945 0.259782
37.8945 0.282729
37.9945 0.307079
38.0945 0.336453
38.1945 0.36535
38.2945 0.409418
38.3945 0.448301
38.4945 0.497578
38.5945 0.54741
38.6945 0.611244
38.7945 0.669411
38.8945 0.732936
38.9945 0.821445
39.0945 0.885168
39.1945 0.977489
39.2945 1.07917
39.3945 1.1545
39.4945 1.2821
39.5945 1.36958
39.6945 1.44532
39.7945 1.65251
39.8945 1.69439
39.9945 1.84813
40.0945 1.9694
40.1945 2.18697
40.2945 2.25796
40.3945 2.53188
40.4945 2.69229
40.5945 2.85951
40.6945 3.01665
40.7945 3.21067
40.8945 3.44998
40.9945 3.60354
41.0945 3.90631
41.1945 4.15234
41.2945 4.32717
41.3945 4.49617
41.4945 4.78113
41.5945 5.24864
41.6945 5.40349
41.7945 5.75028
41.8945 6.1254
41.9945 6.34746
42.0945 6.755
42.1945 7.02045
42.2945 7.41381
42.3945 7.73094
42.4945 8.06411
42.5945 8.60849
42.6945 9.12859
42.7945 9.4929
42.8945 9.74415
42.9945 10.4563
