20200815_HDR2-2/n10C/dark/HDR2-2-n10C-dark-3.csv 
37.3851 0.237061
37.4851 0.239473
37.5851 0.245639
37.6851 0.250485
37.7851 0.26246
37.8851 0.27993
37.9851 0.305019
38.0851 0.331578
38.1851 0.370929
38.2851 0.407643
38.3851 0.446416
38.4851 0.498069
38.5851 0.553496
38.6851 0.595311
38.7851 0.66791
38.8851 0.725312
38.9851 0.815399
39.0851 0.900004
39.1851 0.965906
39.2851 1.06061
39.3851 1.12506
39.4851 1.24095
39.5851 1.35373
39.6851 1.48048
39.7851 1.60866
39.8851 1.72298
39.9851 1.8528
40.0851 2.00312
40.1851 2.16811
40.2851 2.31083
40.3851 2.42457
40.4851 2.61374
40.5851 2.75838
40.6851 3.01516
40.7851 3.14318
40.8851 3.41701
40.9851 3.59581
41.0851 3.78012
41.1851 4.05707
41.2851 4.33604
41.3851 4.58385
41.4851 4.80645
41.5851 5.0838
41.6851 5.44214
41.7851 5.6178
41.8851 5.89418
41.9851 6.22192
42.0851 6.60413
42.1851 6.93232
42.2851 7.27
42.3851 7.64191
42.4851 8.00329
42.5851 8.42085
42.6851 8.75791
42.7851 9.2843
42.8851 9.63696
42.9851 10.0877
