20200815_HDR2-2/n10C/dark/HDR2-2-n10C-dark-1.csv 
37.3614 0.219638
37.4614 0.218966
37.5614 0.223213
37.6614 0.233166
37.7614 0.243785
37.8614 0.261318
37.9614 0.283799
38.0614 0.309571
38.1614 0.341926
38.2614 0.374239
38.3614 0.418288
38.4614 0.464464
38.5614 0.515538
38.6614 0.558247
38.7614 0.614847
38.8614 0.681423
38.9614 0.765159
39.0614 0.83103
39.1614 0.928599
39.2614 0.998205
39.3614 1.09933
39.4614 1.18891
39.5614 1.27637
39.6614 1.40498
39.7614 1.50587
39.8614 1.61843
39.9614 1.78431
40.0614 1.88595
40.1614 2.02181
40.2614 2.131
40.3614 2.30639
40.4614 2.49164
40.5614 2.65763
40.6614 2.77924
40.7614 3.05405
40.8614 3.19278
40.9614 3.45241
41.0614 3.61474
41.1614 3.90562
41.2614 4.02786
41.3614 4.29012
41.4614 4.56577
41.5614 4.74049
41.6614 5.12026
41.7614 5.39002
41.8614 5.67029
41.9614 6.00704
42.0614 6.35892
42.1614 6.63964
42.2614 6.89922
42.3614 7.33334
42.4614 7.67804
42.5614 8.23433
42.6614 8.4227
42.7614 8.93605
42.8614 9.37427
42.9614 9.67363
