20200815_HDR2-2/p10C/HDR2-2-10C-dark-2.csv 
38.1401 1.4299
38.2401 1.44241
38.3401 1.46241
38.4401 1.50202
38.5401 1.56854
38.6401 1.67054
38.7401 1.79061
38.8401 1.93041
38.9401 2.11364
39.0401 2.29064
39.1401 2.50789
39.2401 2.75136
39.3401 3.00535
39.4401 3.27278
39.5401 3.60113
39.6401 3.89702
39.7401 4.25807
39.8401 4.65229
39.9401 5.02775
40.0401 5.53071
40.1401 5.91581
40.2401 6.41403
40.3401 6.85397
40.4401 7.43299
40.5401 7.92625
40.6401 8.51608
40.7401 9.16296
40.8401 9.62517
40.9401 10.3939
41.0401 11.0728
41.1401 11.7738
41.2401 12.3955
41.3401 13.2757
41.4401 14.121
41.5401 14.9001
41.6401 15.7813
41.7401 16.7448
41.8401 17.5308
41.9401 18.5638
42.0401 19.8509
42.1401 20.7362
42.2401 21.8608
42.3401 22.7942
42.4401 24.0967
42.5401 25.3164
42.6401 26.6247
42.7401 27.8011
42.8401 29.2176
42.9401 30.676
