20200815_HDR2-2/p10C/HDR2-2-10C-dark.csv 
38.1401 1.47118
38.2401 1.48231
38.3401 1.50257
38.4401 1.54054
38.5401 1.60323
38.6401 1.70354
38.7401 1.8119
38.8401 1.97622
38.9401 2.15158
39.0401 2.34766
39.1401 2.57801
39.2401 2.80955
39.3401 3.06771
39.4401 3.37322
39.5401 3.66986
39.6401 3.98278
39.7401 4.32775
39.8401 4.76103
39.9401 5.12181
40.0401 5.59038
40.1401 5.93233
40.2401 6.47378
40.3401 7.00233
40.4401 7.53544
40.5401 7.9552
40.6401 8.61194
40.7401 9.23098
40.8401 9.93556
40.9401 10.4736
41.0401 11.1488
41.1401 11.9161
41.2401 12.6465
41.3401 13.468
41.4401 14.2129
41.5401 15.0702
41.6401 15.9966
41.7401 16.8768
41.8401 18.1308
41.9401 18.6614
42.0401 19.9407
42.1401 20.7597
42.2401 22.0734
42.3401 23.3878
42.4401 24.2447
42.5401 25.669
42.6401 26.6895
42.7401 28.2565
42.8401 29.4264
42.9401 30.9021
