20200826_HDR2-1e13/n20C/dark/HDR2-1e13-n20C-dark-1.csv 
37.1316 951.396
37.2316 1922.2
37.3316 4722.61
37.4316 11978.6
37.5316 26022.2
37.6316 47151
37.7316 75131.7
37.8316 108874
37.9316 148839
38.0316 195081
38.1316 247878
38.2316 307580
38.3316 374398
38.4316 448745
38.5316 531228
38.6316 622606
38.7316 724313
38.8316 835052
38.9316 957038
39.0316 1.09079e+06
39.1316 1.23798e+06
39.2316 1.39947e+06
39.3316 1.57725e+06
39.4316 1.77331e+06
39.5316 1.98967e+06
39.6316 2.22933e+06
39.7316 2.49452e+06
39.8316 2.78989e+06
