20200815_HDR2-2/n20C/dark/HDR2-2-n20C-dark-3.csv 
36.964 0.0795429
37.064 0.0803956
37.164 0.0814383
37.264 0.083856
37.364 0.0904549
37.464 0.0995593
37.564 0.104573
37.664 0.117139
37.764 0.132011
37.864 0.146053
37.964 0.158792
38.064 0.181147
38.164 0.205458
38.264 0.227059
38.364 0.255351
38.464 0.276388
38.564 0.30077
38.664 0.34474
38.764 0.35206
38.864 0.41032
38.964 0.454218
39.064 0.494127
39.164 0.517255
39.264 0.593183
39.364 0.626281
39.464 0.67629
39.564 0.730488
39.664 0.805623
39.764 0.872412
39.864 0.907857
39.964 0.976766
40.064 1.03362
40.164 1.13454
40.264 1.21146
40.364 1.287
40.464 1.40228
40.564 1.45913
40.664 1.56752
40.764 1.68761
40.864 1.7369
40.964 1.9073
41.064 1.99434
41.164 2.1372
41.264 2.24298
41.364 2.31896
41.464 2.54725
41.564 2.69031
41.664 2.7729
41.764 2.93632
41.864 3.02362
41.964 3.31557
42.064 3.39152
42.164 3.54178
42.264 3.75195
42.364 3.99311
42.464 4.14006
42.564 4.46358
42.664 4.51257
42.764 4.84939
42.864 4.97885
42.964 5.31791
