20200815_HDR2-2/n20C/dark/HDR2-2-n20C-dark-1.csv 
37.0123 0.0914067
37.1123 0.093596
37.2123 0.0927311
37.3123 0.0949752
37.4123 0.102129
37.5123 0.109009
37.6123 0.117166
37.7123 0.135009
37.8123 0.144174
37.9123 0.162379
38.0123 0.18285
38.1123 0.20494
38.2123 0.229048
38.3123 0.261437
38.4123 0.279895
38.5123 0.313542
38.6123 0.348843
38.7123 0.375043
38.8123 0.420295
38.9123 0.471913
39.0123 0.49243
39.1123 0.546752
39.2123 0.58662
39.3123 0.643533
39.4123 0.720388
39.5123 0.763389
39.6123 0.832304
39.7123 0.886794
39.8123 0.954173
39.9123 1.01427
40.0123 1.09226
40.1123 1.22448
40.2123 1.28345
40.3123 1.37123
40.4123 1.45857
40.5123 1.55808
40.6123 1.59639
40.7123 1.74235
40.8123 1.84218
40.9123 1.98511
41.0123 2.08485
41.1123 2.23055
41.2123 2.36617
41.3123 2.47184
41.4123 2.6439
41.5123 2.74572
41.6123 2.92704
41.7123 3.12369
41.8123 3.2076
41.9123 3.39277
42.0123 3.61383
42.1123 3.84295
42.2123 3.97322
42.3123 4.10459
42.4123 4.40585
42.5123 4.57602
42.6123 4.94667
42.7123 5.11327
42.8123 5.44333
42.9123 5.61733
