20200815_HDR2-2/n20C/dark/HDR2-2-n20C-dark-2.csv 
36.9622 0.0795355
37.0622 0.0843889
37.1622 0.0842602
37.2622 0.0858693
37.3622 0.0896672
37.4622 0.0979049
37.5622 0.105986
37.6622 0.116313
37.7622 0.1303
37.8622 0.149176
37.9622 0.159888
38.0622 0.18294
38.1622 0.204908
38.2622 0.223109
38.3622 0.255627
38.4622 0.282169
38.5622 0.317059
38.6622 0.334474
38.7622 0.388606
38.8622 0.421595
38.9622 0.439227
39.0622 0.489315
39.1622 0.537413
39.2622 0.586296
39.3622 0.636437
39.4622 0.671751
39.5622 0.75652
39.6622 0.794007
39.7622 0.875816
39.8622 0.955305
39.9622 0.99767
40.0622 1.04437
40.1622 1.1346
40.2622 1.22486
40.3622 1.27419
40.4622 1.41211
40.5622 1.49871
40.6622 1.60774
40.7622 1.66267
40.8622 1.84116
40.9622 1.90765
41.0622 2.06462
41.1622 2.1121
41.2622 2.22351
41.3622 2.39206
41.4622 2.48425
41.5622 2.60272
41.6622 2.76196
41.7622 2.89966
41.8622 3.10246
41.9622 3.2905
42.0622 3.44012
42.1622 3.58666
42.2622 3.84505
42.3622 3.95796
42.4622 4.27039
42.5622 4.42052
42.6622 4.64733
42.7622 4.88564
42.8622 5.06938
42.9622 5.22699
