20200826_HDR2-1e13/n30C/dark/HDR2-1e13-n30C-dark-1.csv 
36.7801 513.194
36.8801 1038.01
36.9801 2615.76
37.0801 6625.81
37.1801 14556.9
37.2801 26410.8
37.3801 41833.3
37.4801 60648.7
37.5801 83371.3
37.6801 109424
37.7801 139199
37.8801 172874
37.9801 210610
38.0801 252572
38.1801 299102
38.2801 350483
38.3801 406863
38.4801 468764
38.5801 536533
38.6801 610822
38.7801 692597
38.8801 781329
38.9801 877989
39.0801 983598
39.1801 1.09898e+06
39.2801 1.22506e+06
39.3801 1.36312e+06
39.4801 1.5143e+06
39.5801 1.68044e+06
39.6801 1.86362e+06
39.7801 2.06507e+06
39.8801 2.28748e+06
39.9801 2.53415e+06
40.0801 2.80859e+06
