20200826_HDR2-1e13/n30C/dark/HDR2-1e13-n30C-dark-2.csv 
36.7716 503.104
36.8716 1017.42
36.9716 2563.63
37.0716 6492.15
37.1716 14340.9
37.2716 26040.1
37.3716 41269.8
37.4716 59850.8
37.5716 82251.5
37.6716 107915
37.7716 137254
37.8716 170428
37.9716 207562
38.0716 248934
38.1716 294666
38.2716 345140
38.3716 400627
38.4716 461533
38.5716 528126
38.6716 600878
38.7716 681478
38.8716 768556
38.9716 863355
39.0716 966951
39.1716 1.08009e+06
39.2716 1.20372e+06
39.3716 1.33888e+06
39.4716 1.48723e+06
39.5716 1.64995e+06
39.6716 1.82907e+06
39.7716 2.02645e+06
39.8716 2.24382e+06
39.9716 2.48515e+06
40.0716 2.75262e+06
