20200815_HDR2-2/p20C/dark/HDR2-2-20C-_Chdirect_iLED-1-20200813-1406.csv 
38.529 3.2794
38.629 3.31103
38.729 3.36482
38.829 3.45771
38.929 3.63883
39.029 3.89173
39.129 4.19218
39.229 4.5348
39.329 4.94552
39.429 5.40737
39.529 5.96077
39.629 6.49602
39.729 7.1055
39.829 7.83241
39.929 8.51593
40.029 9.25473
40.129 10.0356
40.229 10.9498
40.329 11.7435
40.429 12.7761
40.529 13.8009
40.629 14.8569
40.729 15.8593
40.829 17.1099
40.929 18.1526
41.029 19.6812
41.129 20.8654
41.229 22.1869
41.329 23.4934
41.429 25.0427
41.529 26.579
41.629 28.2443
41.729 29.946
41.829 31.6861
41.929 33.3702
42.029 35.1128
42.129 37.1568
42.229 39.3452
42.329 41.4239
42.429 43.2107
42.529 45.1758
42.629 47.8925
42.729 50.2848
42.829 52.7237
42.929 55.2193
