20200815_HDR2-2/p20C/dark/HDR2-2-20C-_Chdirect_iLED-1-20200813-1408.csv 
38.529 3.27607
38.629 3.3058
38.729 3.35691
38.829 3.46006
38.929 3.62916
39.029 3.87496
39.129 4.19911
39.229 4.54934
39.329 4.93355
39.429 5.4259
39.529 5.94422
39.629 6.50558
39.729 7.11113
39.829 7.83466
39.929 8.48452
40.029 9.19946
40.129 9.98652
40.229 10.9049
40.329 11.805
40.429 12.7418
40.529 13.7103
40.629 14.7416
40.729 15.8256
40.829 17.0778
40.929 18.204
41.029 19.4907
41.129 20.8349
41.229 22.0876
41.329 23.71
41.429 25.109
41.529 26.5647
41.629 28.1735
41.729 29.8305
41.829 31.5139
41.929 33.5617
42.029 35.1367
42.129 37.3588
42.229 39.2564
42.329 41.2523
42.429 43.2925
42.529 45.651
42.629 47.6006
42.729 49.9615
42.829 52.613
42.929 55.14
