20200815_HDR2-2/n30C/dark/HDR2-2-n30C-dark-3.csv 
36.6007 0.0311336
36.7007 0.0313226
36.8007 0.0305623
36.9007 0.0327396
37.0007 0.0349749
37.1007 0.0368731
37.2007 0.0413106
37.3007 0.0428981
37.4007 0.0530586
37.5007 0.0630324
37.6007 0.0710262
37.7007 0.0744478
37.8007 0.0899542
37.9007 0.0972016
38.0007 0.109524
38.1007 0.120927
38.2007 0.131736
38.3007 0.148797
38.4007 0.164636
38.5007 0.176416
38.6007 0.204803
38.7007 0.227295
38.8007 0.242651
38.9007 0.265502
39.0007 0.273338
39.1007 0.288388
39.2007 0.337519
39.3007 0.372514
39.4007 0.372281
39.5007 0.433079
39.6007 0.449497
39.7007 0.520909
39.8007 0.545312
39.9007 0.534735
40.0007 0.631758
40.1007 0.636162
40.2007 0.720001
40.3007 0.70243
40.4007 0.758667
40.5007 0.840257
40.6007 0.916723
40.7007 0.89137
40.8007 0.975703
40.9007 1.04315
41.0007 1.083
41.1007 1.1783
41.2007 1.27358
41.3007 1.36384
41.4007 1.356
41.5007 1.51984
41.6007 1.51146
41.7007 1.60982
41.8007 1.73037
41.9007 1.82763
42.0007 1.92258
42.1007 1.96269
42.2007 2.11714
42.3007 2.20449
42.4007 2.35415
42.5007 2.52297
42.6007 2.59218
42.7007 2.61218
42.8007 2.85164
42.9007 3.07882
