20200815_HDR2-2/n30C/dark/HDR2-2-n30C-dark-1.csv 
36.6461 0.0338219
36.7461 0.0359102
36.8461 0.0373544
36.9461 0.034114
37.0461 0.0387328
37.1461 0.0422647
37.2461 0.0474504
37.3461 0.050603
37.4461 0.0632572
37.5461 0.0675671
37.6461 0.0734428
37.7461 0.083927
37.8461 0.0940374
37.9461 0.101147
38.0461 0.123614
38.1461 0.128994
38.2461 0.136307
38.3461 0.160265
38.4461 0.181763
38.5461 0.193883
38.6461 0.22462
38.7461 0.233623
38.8461 0.260831
38.9461 0.284957
39.0461 0.31
39.1461 0.341653
39.2461 0.375131
39.3461 0.395842
39.4461 0.416412
39.5461 0.457103
39.6461 0.505857
39.7461 0.525622
39.8461 0.586158
39.9461 0.624164
40.0461 0.63449
40.1461 0.710346
40.2461 0.77248
40.3461 0.803718
40.4461 0.848164
40.5461 0.882515
40.6461 0.967852
40.7461 1.06106
40.8461 1.10166
40.9461 1.1751
41.0461 1.1878
41.1461 1.26324
41.2461 1.3782
41.3461 1.37052
41.4461 1.45262
41.5461 1.58829
41.6461 1.65513
41.7461 1.79768
41.8461 1.90003
41.9461 2.00189
42.0461 2.03657
42.1461 2.17849
42.2461 2.34768
42.3461 2.46902
42.4461 2.55642
42.5461 2.60134
42.6461 2.93834
42.7461 2.95573
42.8461 3.08557
42.9461 3.32862
