20200815_HDR2-2/n30C/dark/HDR2-2-n30C-dark-2.csv 
36.6282 0.0330946
36.7282 0.0330104
36.8282 0.0341457
36.9282 0.0358761
37.0282 0.0375654
37.1282 0.0391136
37.2282 0.0445445
37.3282 0.0505336
37.4282 0.0532809
37.5282 0.0644319
37.6282 0.0742501
37.7282 0.0788955
37.8282 0.0886114
37.9282 0.0967602
38.0282 0.115545
38.1282 0.126701
38.2282 0.148956
38.3282 0.148805
38.4282 0.178679
38.5282 0.17545
38.6282 0.220561
38.7282 0.227119
38.8282 0.250314
38.9282 0.269047
39.0282 0.303669
39.1282 0.312184
39.2282 0.368697
39.3282 0.378804
39.4282 0.398185
39.5282 0.460512
39.6282 0.501427
39.7282 0.525262
39.8282 0.568243
39.9282 0.581165
40.0282 0.650359
40.1282 0.711557
40.2282 0.743291
40.3282 0.809504
40.4282 0.82736
40.5282 0.898639
40.6282 0.969273
40.7282 1.00826
40.8282 1.08537
40.9282 1.06524
41.0282 1.15579
41.1282 1.226
41.2282 1.28698
41.3282 1.37841
41.4282 1.50054
41.5282 1.54899
41.6282 1.60146
41.7282 1.75767
41.8282 1.83067
41.9282 1.95249
42.0282 2.04896
42.1282 2.10639
42.2282 2.22394
42.3282 2.38565
42.4282 2.40588
42.5282 2.54235
42.6282 2.69521
42.7282 2.84728
42.8282 3.00563
42.9282 3.10199
